0 1
0 2
0 3
0 4
0 5
0 6
0 7
0 8
0 9
0 10
0 11
0 12
0 13
0 14
0 15
1 0
1 3
1 4
1 5
1 6
1 7
1 9
1 11
1 15
2 0
2 7
2 8
2 14
3 0
3 1
3 5
3 6
3 7
3 8
3 9
3 13
3 14
3 15
4 0
4 1
4 8
4 14
5 0
5 1
5 3
5 8
5 14
6 0
6 1
6 3
6 7
6 8
6 14
7 0
7 1
7 2
7 3
7 6
7 8
7 10
7 12
7 13
7 14
8 0
8 2
8 3
8 4
8 5
8 6
8 7
8 9
8 10
8 11
8 12
8 13
8 15
9 0
9 1
9 3
9 8
9 14
10 0
10 7
10 8
10 14
11 0
11 1
11 8
11 14
12 0
12 7
12 8
12 13
12 14
13 0
13 3
13 7
13 8
13 12
13 14
14 0
14 2
14 3
14 4
14 5
14 6
14 7
14 9
14 10
14 11
14 12
14 13
14 15
15 0
15 1
15 3
15 8
15 14
