0.27
0.20
0.28
0.19
0.50
0.16
0.18
0.29
0.41
0.37
0.24
0.58
0.41
0.40
0.26
0.13
0.13
0.09
0.19
0.34
0.22
0.20
0.18
0.14
0.14
0.21
0.17
0.07
0.19
0.12
0.15
0.25
0.06
0.15
0.12
0.17
0.17
0.21
0.16
0.15
0.05
0.19
0.19
0.19
0.20
0.21
0.14
0.08
0.33
0.23
0.20
0.19
0.17
0.07
0.14
0.20
0.15
0.17
0.23
0.07
0.29
0.22
0.19
0.41
0.15
0.19
0.07
0.08
0.08
0.17
0.56
0.19
0.16
0.14
0.10
0.10
0.12
0.33
0.32
0.08
0.18
0.11
0.10
0.13
0.16
0.06
0.16
0.17
0.14
0.14
0.21
0.18
0.12
0.16
0.06
0.28
0.17
0.08
0.30
0.44
0.21
0.20
0.07
0.18
0.10
0.11
0.18
0.13
0.08
0.27
0.36
0.32
0.17
0.12
0.10
0.19
0.19
0.09
0.21
0.10
0.10
0.19
0.16
0.13
0.22
0.06
0.12
0.13
0.12
0.38
0.18
0.21
0.17
0.16
0.10
0.11
0.13
0.07
0.19
0.06
0.14
0.18
0.18
0.08
0.11
0.15
0.15
0.31
0.20
0.49
0.15
0.11
0.05
0.16
0.26
0.15
0.20
0.24
0.19
0.19
0.08
0.20
0.08
0.07
0.30
0.15
0.17
0.11
0.12
0.19
0.13
0.15
0.08
0.38
0.33
0.13
0.12
0.12
0.15
0.10
0.15
0.08
0.16
0.13
0.10
0.12
0.12
0.11
0.09
0.10
0.16
0.11
0.10
0.19
0.10
0.10
0.13
0.18
0.17
0.14
0.08
0.18
0.28
0.14
0.47
0.16
0.17
0.17
0.17
0.21
0.18
0.10
0.15
0.07
0.07
0.06
0.20
0.20
0.09
0.15
0.15
0.06
0.15
0.15
0.07
0.18
0.13
0.20
0.14
0.08
0.20
0.23
0.09
0.16
0.14
0.14
0.17
0.07
0.22
0.42
0.25
0.28
0.22
0.09
0.08
0.12
0.09
0.11
0.12
0.09
0.07
0.09
0.17
0.10
0.13
0.42
0.15
0.14
0.10
0.11
0.11
0.23
0.17
0.20
0.16
0.13
0.14
0.13
0.15
0.14
0.24
0.11
0.15
0.09
0.19
0.18
0.21
0.21
0.08
0.16
0.21
0.19
0.08
0.22
0.26
0.22
0.11
0.09
0.14
0.10
0.20
0.13
0.13
0.12
0.12
0.05
0.16
0.17
0.12
0.13
0.37
0.11
0.21
0.11
0.08
0.16
0.11
0.08
0.24
0.20
0.13
0.20
0.10
0.10
0.06
0.12
0.12
0.11
0.09
0.07
0.23
0.16
0.23
0.16
0.07
0.05
0.21
0.21
0.10
0.38
0.17
0.10
0.09
0.19
0.19
0.17
0.08
0.17
0.12
0.16
0.20
0.19
0.12
0.18
0.21
0.09
0.17
0.06
0.10
0.16
0.20
0.07
0.17
0.16
0.50
0.12
0.28
0.21
0.18
0.12
0.15
0.18
0.17
0.16
0.16
0.19
0.17
0.17
0.15
0.15
0.17
0.09
0.17
0.11
0.14
0.21
0.08
0.23
0.24
0.11
0.11
0.16
0.24
0.21
0.20
0.12
0.29
0.17
0.16
0.23
0.17
0.14
0.12
0.14
0.07
0.17
0.19
0.20
0.20
0.11
0.22
0.13
0.20
0.19
0.10
0.19
0.21
0.10
0.08
0.17
0.10
0.15
0.18
0.17
0.16
0.09
0.20
0.17
0.08
0.12
0.09
0.22
0.10
0.16
0.08
0.17
0.13
0.11
0.19
0.17
0.08
0.14
0.11
0.18
0.05
0.13
0.23
0.11
0.08
0.09
0.19
0.11
0.08
0.22
0.11
0.23
0.76
0.25
0.17
0.14
0.13
0.16
0.15
0.16
0.15
0.18
0.12
0.10
0.13
0.13
0.13
0.17
0.10
0.10
0.09
0.11
0.22
0.10
0.14
0.10
0.21
0.06
0.22
0.22
0.12
0.15
0.27
0.13
0.18
0.21
0.25
0.13
0.25
0.15
0.18
0.14
0.18
0.09
0.17
0.07
0.16
0.16
0.20
0.18
0.14
0.10
0.11
0.15
0.17
0.17
0.28
0.19
0.10
0.13
0.14
0.21
0.16
0.15
0.18
0.11
0.05
0.26
0.15
0.15
0.12
0.20
0.20
0.19
0.10
0.10
0.14
0.26
0.23
0.17
0.22
0.17
0.15
0.17
0.12
0.07
0.06
0.13
0.19
0.07
0.13
0.17
0.13
0.15
0.09
0.14
0.15
0.23
0.11
0.23
0.14
0.09
0.16
0.19
0.13
0.09
0.24
0.08
0.11
0.25
0.23
0.16
0.19
0.07
0.12
0.15
0.15
0.26
0.23
0.19
0.15
0.11
0.26
0.13
0.19
0.19
0.14
0.14
0.21
0.13
0.26
0.11
0.10
0.17
0.10
0.17
0.23
0.16
0.13
0.13
0.12
0.09
0.22
0.16
0.13
0.12
0.14
0.18
0.17
0.14
0.15
0.14
0.12
0.13
0.10
0.18
0.18
0.06
0.12
0.07
0.08
0.18
0.50
0.15
0.13
0.10
0.11
0.11
0.19
0.15
0.13
0.15
0.17
0.15
0.09
0.17
0.05
0.11
0.12
0.11
0.18
0.22
0.25
0.07
0.15
0.25
0.18
0.06
0.18
0.18
0.14
0.17
0.11
0.19
0.06
0.09
0.21
0.11
0.15
0.15
0.19
0.19
0.16
0.15
0.12
0.15
0.18
0.22
0.07
0.18
0.11
0.11
0.10
0.18
0.11
0.19
0.10
0.15
0.13
0.21
0.14
0.23
0.26
0.17
0.19
0.13
0.11
0.15
0.18
0.17
0.15
0.09
0.16
0.19
0.18
0.16
0.06
0.18
0.12
0.17
0.14
0.18
0.09
0.16
0.09
0.18
0.05
0.14
0.09
0.18
0.12
0.06
0.10
0.05
0.13
0.16
0.14
0.14
0.20
0.13
0.28
0.16
0.13
0.18
0.09
0.14
0.16
0.06
0.12
0.13
0.13
0.12
0.07
0.09
0.09
0.31
0.13
0.17
0.22
0.15
0.20
0.14
0.18
0.12
0.11
0.14
0.15
0.10
0.17
0.09
0.06
0.14
0.10
0.12
0.19
0.22
0.09
0.33
0.18
0.05
0.18
0.08
0.11
0.13
0.08
0.11
0.11
0.16
0.22
0.25
0.11
0.19
0.45
0.16
0.19
0.10
0.11
0.17
0.10
0.18
0.13
0.22
0.11
0.09
0.10
0.12
0.12
0.11
0.11
0.22
0.26
0.17
0.11
0.24
0.23
0.14
0.26
0.16
0.20
0.17
0.24
0.20
0.06
0.13
0.06
0.14
0.25
0.09
0.19
0.12
0.15
0.20
0.16
0.12
0.16
0.15
0.15
0.15
0.21
0.27
0.19
0.09
0.16
0.09
0.11
0.07
0.09
0.14
0.18
0.21
0.09
0.07
0.05
0.09
0.21
0.06
0.15
0.07
0.20
0.14
0.12
0.12
0.19
0.18
0.05
0.18
0.10
0.09
0.17
0.12
0.18
0.19
0.13
0.17
0.08
0.18
0.07
0.06
0.16
0.15
0.07
0.15
0.08
0.18
0.09
0.11
0.19
0.09
0.15
0.14
0.06
0.13
0.13
0.10
0.09
0.07
0.15
0.08
0.13
0.13
0.19
0.18
0.10
0.13
0.16
0.07
0.16
0.16
0.15
0.15
0.07
0.15
0.19
0.27
0.14
0.12
0.06
0.10
0.14
0.19
0.19
0.06
0.13
0.18
0.11
0.07
0.11
0.08
0.17
0.18
0.09
0.13
0.06
0.36
0.16
0.19
0.08
0.13
0.18
0.19
0.11
0.11
0.13
0.17
0.13
0.12
0.15
0.09
0.10
0.15
0.18
0.14
0.16
0.09
0.19
0.16
0.20
0.12
0.16
0.17
0.28
0.11
0.08
0.16
0.05
0.14
0.19
0.17
0.11
0.16
0.07
0.09
0.12
0.11
0.10
0.09
0.16
0.10
0.12
0.14
0.10
0.13
0.17
0.19
0.13
0.18
0.06
0.19
0.18
0.11
0.10
0.14
0.11
0.08
0.17
0.11
0.08
0.13
0.11
0.11
0.26
0.10
0.16
0.13
0.17
0.17
0.10
0.18
0.08
0.11
0.17
0.08
0.18
0.18
0.22
0.09
0.12
0.19
0.17
0.07
0.11
0.31
0.15
0.14
0.10
0.14
0.11
0.12
0.15
0.16
0.08
0.12
0.12
0.34
0.16
0.13
0.20
0.10
0.14
0.18
0.20
0.10
0.09
0.14
0.26
0.15
0.17
0.13
0.15
0.10
0.06
0.15
0.10
0.19
0.05
0.11
0.09
0.10
0.06
0.12
0.12
0.26
0.13
0.06
0.14
0.13
0.18
0.18
0.07
0.13
0.18
0.19
0.15
0.18
0.24
0.20
0.17
0.13
0.10
0.35
0.07
0.16
0.18
0.13
0.18
0.16
0.10
0.10
0.23
0.17
0.14
0.29
0.14
0.06
0.15
0.15
0.07
0.18
0.18
0.05
0.13
0.10
0.16
0.08
0.19
0.17
0.08
0.14
0.28
0.22
0.20
0.18
0.08
0.20
0.19
0.21
0.16
0.09
0.20
0.20
0.18
0.10
0.07
0.11
0.14
0.33
0.26
0.20
0.08
0.17
0.15
0.17
0.15
0.15
0.15
0.13
0.12
0.13
0.12
0.10
0.14
0.14
0.18
0.13
0.13
0.17
0.11
0.21
0.45
0.20
0.06
0.13
0.18
0.16
0.23
0.06
0.18
0.27
0.15
0.08
0.14
0.13
0.17
0.11
0.16
0.09
0.09
0.16
0.10
0.13
0.28
0.08
0.11
0.13
0.16
0.05
0.11
0.10
0.12
0.11
0.11
0.10
0.34
0.05
0.15
0.16
0.12
0.13
0.32
0.17
0.15
0.19
0.22
0.15
0.21
0.17
0.16
0.11
0.20
0.16
0.12
0.08
0.20
0.32
0.35
0.10
0.20
0.11
0.10
0.16
0.06
0.06
0.11
0.21
0.18
0.16
0.17
0.11
0.10
0.12
0.09
0.17
0.15
0.05
0.22
0.16
0.10
0.08
0.11
0.12
0.09
0.15
0.07
0.16
0.10
0.06
0.18
0.09
0.15
0.12
0.18
0.13
0.17
0.16
0.16
0.11
0.15
0.21
0.18
0.10
0.13
0.12
0.10
0.14
0.13
0.18
0.09
0.12
0.11
0.12
0.12
0.10
0.08
0.17
0.12
0.15
0.13
0.08
0.12
0.16
0.11
0.18
0.13
0.18
0.15
0.13
0.16
0.21
0.06
0.20
0.17
0.10
0.45
0.18
0.12
0.13
0.22
0.14
0.15
0.30
0.24
0.22
0.07
0.13
0.19
0.15
0.11
0.17
0.18
0.16
0.18
0.20
0.07
0.10
0.32
0.07
0.17
0.18
0.18
0.29
0.19
0.07
0.40
0.22
0.14
0.13
0.07
0.17
0.14
0.06
0.16
0.09
0.10
0.20
0.14
0.20
0.13
0.17
0.14
0.10
0.24
0.06
0.21
0.19
0.22
0.10
0.15
0.19
0.19
0.18
0.18
0.19
0.38
0.19
0.14
0.14
0.07
0.17
0.16
0.11
0.07
0.11
0.08
0.09
0.16
0.15
0.15
0.06
0.14
0.06
0.18
0.05
0.20
0.17
0.06
0.22
0.08
0.14
0.30
0.15
0.26
0.22
0.17
0.10
0.14
0.17
0.17
0.10
0.09
0.43
0.11
0.20
0.08
0.10
0.10
0.19
0.06
0.14
0.18
0.13
0.18
0.21
0.16
0.15
0.17
0.19
0.08
0.13
0.11
0.11
0.10
0.11
