1.14
1.27
1.18
1.18
1.29
1.42
1.23
1.25
1.14
1.24
1.25
1.59
1.97
2.01
2.01
1.91
1.88
1.99
1.96
1.81
1.98
2.02
1.84
1.92
2.06
2.00
1.90
1.55
1.91
1.98
1.78
1.73
1.65
1.78
1.87
1.75
1.82
1.92
1.93
1.90
1.76
1.86
1.83
1.56
1.58
1.51
1.58
1.26
1.44
1.45
1.44
1.51
1.29
1.20
1.31
1.25
1.19
1.51
1.48
1.76
1.16
1.43
1.70
1.90
1.93
2.03
1.95
1.74
1.91
1.92
2.05
2.01
1.98
1.96
0.91
1.81
1.91
1.81
1.49
1.79
1.76
2.00
1.75
1.85
1.85
1.04
1.21
1.25
1.32
1.59
1.82
1.88
1.99
1.39
1.66
1.62
1.35
1.71
1.46
1.71
1.53
1.92
2.06
1.89
2.07
2.00
1.57
1.91
1.79
1.80
2.09
2.14
2.08
1.03
1.60
1.99
1.96
1.88
1.62
1.52
1.69
1.68
1.79
2.07
1.37
1.54
1.17
1.02
1.00
1.26
1.07
1.11
1.10
0.88
1.15
0.15
1.00
1.08
1.80
2.00
1.59
2.08
2.13
1.86
1.12
1.41
1.65
1.54
1.84
1.28
1.77
1.70
1.50
2.07
1.65
1.90
1.85
1.51
1.54
1.34
1.47
1.85
1.66
1.34
1.38
1.06
1.07
1.29
1.64
1.88
2.38
2.41
2.41
2.35
2.28
2.39
2.41
2.26
2.38
2.45
2.44
2.40
2.27
2.49
2.49
2.42
2.47
2.43
2.45
2.47
2.20
1.99
2.14
2.13
2.27
2.46
2.55
2.47
1.66
2.06
2.09
1.79
1.92
2.29
2.41
2.31
1.80
1.78
1.53
1.48
1.73
1.80
1.72
1.61
1.21
1.04
1.02
1.05
1.03
1.04
0.87
1.45
1.24
1.09
0.96
1.06
0.95
0.96
0.90
1.04
1.07
0.99
1.03
1.10
0.97
1.02
0.96
1.04
0.96
1.01
1.00
1.00
1.24
1.10
1.09
1.52
1.19
1.00
1.29
1.14
1.16
1.09
1.17
1.55
1.28
1.10
1.30
1.09
1.18
1.13
1.19
1.23
1.40
1.33
1.13
1.13
1.30
1.22
1.35
1.31
1.18
1.27
1.39
1.28
1.41
1.35
1.33
1.41
1.47
1.45
1.50
1.35
1.36
1.54
1.58
1.54
1.39
1.46
1.40
1.41
1.44
1.39
1.52
1.55
1.44
1.44
1.53
1.29
1.41
1.37
1.28
1.27
1.42
1.43
1.39
1.39
1.35
1.40
1.42
1.42
1.45
1.41
1.43
1.38
1.38
1.43
1.45
1.44
1.46
1.45
1.46
1.44
1.47
1.45
0.98
0.91
0.50
0.69
0.67
0.35
0.74
0.59
0.29
0.34
0.28
0.70
1.39
0.53
0.61
0.36
0.03
0.40
0.31
0.14
0.27
0.61
0.88
0.27
1.06
0.07
0.46
0.32
0.23
0.25
0.60
0.28
0.05
0.41
0.16
0.92
0.52
0.60
0.58
0.44
0.92
0.56
0.47
0.05
1.11
1.04
1.33
1.14
0.69
1.46
1.42
1.43
1.44
1.18
0.35
0.08
0.49
0.63
0.33
0.07
0.40
0.64
1.19
0.57
0.46
0.09
0.30
0.14
0.09
0.38
0.11
0.36
0.69
0.19
0.79
0.28
0.33
0.33
0.34
0.40
0.41
0.11
0.14
0.52
0.10
0.91
0.70
0.32
0.40
0.25
0.89
0.13
0.97
0.20
0.91
1.06
1.47
1.24
0.30
0.02
1.34
1.32
1.08
1.43
1.43
0.68
0.38
1.25
1.12
0.47
0.32
0.27
0.76
0.33
0.52
0.33
0.28
0.13
0.11
0.28
0.10
0.51
0.42
0.33
0.73
0.24
0.58
0.34
0.43
0.51
0.59
0.44
0.23
0.66
0.05
0.37
0.26
0.45
0.55
0.52
0.67
0.05
0.84
0.37
0.68
0.91
0.97
1.40
0.28
0.10
1.05
0.82
0.88
0.12
1.42
1.46
1.45
0.51
1.01
0.57
0.35
0.18
0.16
0.31
0.64
0.57
0.32
0.40
1.25
0.37
0.10
0.92
0.25
0.49
0.53
0.22
0.51
0.23
0.21
0.48
0.84
0.33
0.38
0.52
0.27
0.57
0.19
0.72
0.87
0.53
0.42
0.37
0.85
0.44
0.69
0.87
0.62
1.35
0.24
0.10
0.80
0.32
1.28
0.16
0.84
0.28
1.43
1.44
0.94
0.40
0.68
0.60
0.19
0.57
0.64
0.54
0.26
0.33
0.11
0.40
0.23
0.69
0.20
0.16
0.17
0.33
0.44
0.23
0.08
0.62
0.78
0.10
0.40
0.03
0.57
0.42
0.50
0.28
0.88
0.34
0.30
0.60
0.46
0.27
0.51
1.10
0.47
1.02
0.29
0.33
0.69
0.79
1.28
0.40
0.46
0.17
0.93
1.45
0.74
0.28
0.68
1.00
0.59
0.61
0.05
0.06
0.29
0.06
0.44
0.10
0.40
0.18
0.03
0.11
0.17
0.52
0.28
0.21
0.40
0.29
0.31
0.09
0.75
0.05
0.36
0.34
0.40
0.03
1.08
0.34
0.43
0.44
0.48
0.08
0.44
0.86
0.62
0.99
0.54
0.53
0.42
0.59
1.45
0.39
0.30
0.42
0.64
0.56
1.40
0.23
0.33
0.70
0.57
0.38
0.13
0.10
0.32
0.05
0.08
0.05
0.60
0.33
0.09
0.10
0.05
0.44
0.39
0.09
0.33
0.10
0.21
0.05
0.94
0.05
0.10
0.33
0.07
0.21
1.06
0.20
0.57
0.44
0.46
0.05
0.54
0.73
0.79
1.10
0.57
0.61
0.20
0.50
1.07
0.60
0.23
0.51
1.01
0.62
1.34
0.28
0.26
0.46
0.57
0.25
0.52
0.11
0.12
0.06
0.10
0.10
0.51
0.45
0.10
0.04
0.05
0.58
0.22
0.10
0.39
0.32
0.28
0.11
0.63
0.10
0.28
0.05
0.11
0.07
0.90
0.23
0.93
0.49
0.61
0.16
0.69
0.56
0.80
0.96
0.66
0.76
0.36
0.58
0.60
0.53
0.23
0.51
1.10
0.31
1.06
0.65
0.21
0.04
0.61
0.35
0.61
0.01
0.28
0.10
0.40
0.11
0.66
0.62
0.02
0.10
0.28
0.29
0.20
0.11
0.51
0.60
0.28
0.13
0.18
0.22
0.28
0.22
0.28
0.11
0.79
0.08
1.27
0.09
0.48
0.26
0.78
0.24
0.97
0.79
0.61
0.86
0.27
0.42
0.62
0.72
0.11
0.28
0.76
0.17
1.14
0.98
0.53
0.30
0.35
0.28
0.24
0.39
0.28
0.10
0.37
0.40
0.30
0.57
0.10
0.38
0.40
0.31
0.13
0.13
0.39
0.49
0.02
0.09
0.02
0.28
0.42
0.41
0.35
0.04
0.88
0.10
1.07
0.10
0.24
0.40
0.44
0.16
0.79
0.66
0.33
0.74
0.23
0.57
0.79
1.24
0.11
0.28
0.60
0.11
1.01
1.49
0.68
0.57
0.48
0.28
0.10
0.39
0.10
0.10
0.10
0.37
0.10
0.22
0.10
0.50
0.40
0.51
0.10
0.28
0.19
0.40
0.11
0.54
0.10
0.28
0.11
0.11
0.10
0.10
0.88
0.10
1.16
0.10
0.10
0.33
0.30
0.21
0.50
0.42
0.11
0.42
0.46
0.05
0.40
1.44
0.11
0.34
0.32
0.24
0.79
1.37
0.62
0.62
0.28
0.20
0.10
0.28
0.10
0.07
0.10
0.43
0.07
0.10
0.10
0.57
0.28
0.51
0.10
0.42
0.10
0.28
0.11
0.85
0.10
0.10
0.10
0.10
0.10
0.11
0.78
0.10
0.87
0.11
0.10
0.18
0.25
0.23
0.34
0.28
0.11
0.22
0.24
0.07
0.11
1.33
0.10
0.25
0.57
0.16
0.19
0.97
0.31
0.31
0.10
0.28
0.10
0.10
0.10
0.21
0.11
0.40
0.10
0.10
0.11
0.62
0.11
0.10
0.10
0.04
0.12
0.28
0.10
0.27
0.10
0.10
0.11
0.16
0.10
0.11
0.40
0.10
0.30
0.11
0.11
0.23
0.10
0.08
0.02
0.10
0.07
0.11
0.10
0.10
0.13
0.89
0.14
0.10
0.23
0.10
0.10
0.64
0.10
0.10
0.10
0.28
0.10
0.10
0.10
0.36
0.11
0.28
0.10
0.10
0.11
0.85
0.02
0.10
0.10
0.28
0.40
0.28
0.10
0.10
0.10
0.10
0.11
0.10
0.10
0.05
0.10
0.10
0.10
0.10
0.11
0.11
0.10
0.11
0.10
0.10
0.10
0.10
0.16
0.11
0.11
0.84
0.28
0.10
0.11
0.10
0.10
0.50
0.17
0.10
0.10
0.10
0.10
0.10
0.10
0.28
0.10
0.10
0.10
0.10
0.05
0.85
0.11
0.10
0.10
0.28
0.40
0.11
0.10
0.10
0.10
0.10
0.10
0.10
0.10
0.28
0.10
0.11
0.10
0.10
0.36
0.01
0.11
0.11
0.10
0.11
0.11
0.11
0.36
0.12
0.03
0.68
0.40
0.10
0.10
0.28
0.10
0.39
0.53
0.28
0.10
0.10
0.10
0.10
0.10
0.06
0.10
0.10
0.10
0.10
0.10
1.05
0.11
0.10
0.10
0.28
0.28
0.11
0.10
0.10
0.10
0.10
0.10
0.10
0.11
0.40
0.10
0.11
0.12
0.10
0.40
0.10
0.23
0.10
0.10
0.11
0.11
0.11
0.56
0.11
0.10
0.56
0.22
0.27
0.10
0.28
0.10
0.33
0.75
0.28
0.04
0.10
0.10
0.10
0.11
0.05
0.10
0.10
0.10
0.10
0.10
0.97
0.10
0.10
0.10
0.10
0.06
0.01
0.10
0.10
0.10
0.11
0.10
0.10
0.11
0.30
0.10
0.10
0.11
0.10
0.41
0.10
0.11
0.10
0.01
0.10
0.11
0.10
0.57
0.13
0.10
0.42
0.10
0.40
0.10
0.28
0.10
0.28
0.86
0.27
0.28
0.10
0.10
0.10
0.11
0.11
0.28
0.10
0.10
0.11
0.10
0.82
0.10
0.10
0.10
0.08
0.28
0.10
0.10
0.10
0.10
0.11
0.10
0.10
0.05
0.10
0.10
0.10
0.10
0.11
0.11
0.10
0.11
0.09
0.22
0.10
0.11
0.10
0.68
0.11
0.21
0.25
0.10
0.40
0.10
0.10
0.10
0.28
1.09
0.10
0.28
0.10
0.10
0.10
0.28
0.10
0.28
0.10
0.10
0.11
0.10
0.94
0.10
0.10
0.07
0.17
0.32
0.10
0.10
0.10
0.10
0.10
0.10
0.10
0.10
0.10
0.11
0.10
0.10
0.11
0.11
0.11
0.11
0.29
0.26
0.11
0.11
0.10
0.68
0.11
0.39
0.26
0.10
0.12
0.10
0.10
0.28
0.10
1.05
0.10
0.13
0.10
0.10
0.10
0.28
0.10
0.22
0.10
0.10
0.10
0.08
0.86
0.10
0.10
0.28
0.39
0.27
0.10
0.10
0.10
0.10
0.10
0.10
0.10
0.12
0.10
0.11
0.11
0.10
0.10
0.10
0.23
0.10
0.50
0.48
0.11
0.11
0.10
0.78
0.10
0.39
0.58
0.10
0.10
0.07
0.10
0.28
0.10
1.10
0.10
0.10
0.10
0.10
0.11
0.28
0.10
0.10
0.10
0.10
0.10
0.28
0.57
0.10
0.10
0.28
0.28
0.11
0.10
0.10
0.10
0.11
0.10
0.10
0.11
0.40
0.10
0.05
0.11
0.10
0.40
0.10
0.11
0.10
0.57
0.57
0.11
0.10
0.10
0.57
0.10
0.26
0.33
0.10
0.10
0.28
0.10
0.28
0.10
1.35
0.10
0.10
0.10
0.10
0.11
0.11
0.10
0.10
0.10
0.11
0.10
0.28
0.57
0.10
0.10
0.15
0.16
0.10
0.10
0.10
0.10
0.11
0.10
0.10
0.11
0.28
0.10
0.10
0.10
0.11
0.46
0.10
0.11
0.10
0.57
0.57
0.11
0.10
0.10
0.48
0.10
0.23
0.14
0.14
0.10
0.28
0.10
0.21
0.10
1.29
0.28
0.10
0.10
0.10
0.10
0.11
0.16
0.10
0.10
0.11
0.10
0.15
0.42
0.10
0.10
0.11
0.25
0.10
0.10
0.10
0.10
0.10
0.10
0.10
0.10
0.18
0.02
0.10
0.10
0.11
0.39
0.11
0.11
0.10
0.68
0.62
0.11
0.10
0.11
0.26
0.11
0.35
0.10
0.40
0.10
0.12
0.10
0.28
0.10
1.26
0.28
0.10
0.10
0.10
0.06
0.10
0.28
0.10
0.10
0.10
0.10
0.40
0.17
0.10
0.10
0.11
0.40
0.10
0.10
0.10
0.10
0.10
0.10
0.10
0.11
0.10
0.11
0.11
0.10
0.04
0.10
0.23
0.10
0.10
0.68
0.68
0.11
0.10
0.23
0.03
0.31
0.55
0.10
0.29
0.10
0.10
0.03
0.28
0.25
1.15
0.28
0.10
0.10
0.11
0.28
0.10
0.28
0.10
0.10
0.10
0.10
0.39
0.10
0.10
0.26
0.22
0.40
0.10
0.10
0.10
0.11
0.10
0.10
0.11
0.11
0.10
0.11
0.11
0.10
0.11
0.10
0.15
0.10
0.10
0.51
0.68
0.10
0.10
0.11
0.10
0.28
0.68
0.10
0.23
0.10
0.10
0.28
0.09
0.47
1.27
0.10
0.10
0.10
0.11
0.40
0.10
0.10
0.10
0.11
0.10
0.20
0.28
0.10
0.10
0.28
0.28
0.01
0.10
0.10
0.10
0.11
0.10
0.10
0.11
0.28
0.10
0.10
0.10
0.11
0.18
0.10
0.11
0.10
0.10
0.25
0.68
0.10
0.10
0.11
0.10
0.28
0.85
0.11
0.10
0.28
0.10
0.28
0.10
0.57
1.09
0.10
0.10
0.10
0.10
0.16
0.10
0.10
0.10
0.11
0.10
0.29
0.10
0.10
0.10
0.39
0.28
0.10
0.10
0.10
0.10
0.10
0.10
0.10
0.10
0.28
0.10
0.10
0.10
0.11
0.40
0.09
0.11
0.10
0.10
0.15
0.68
0.10
0.11
0.11
0.11
0.04
0.89
0.11
0.10
0.28
0.10
0.07
0.10
0.28
1.07
0.10
0.10
0.10
0.10
0.10
0.05
0.10
0.10
0.10
0.10
0.40
0.02
0.10
0.10
0.11
0.11
0.10
0.10
0.10
0.10
0.10
0.10
0.10
0.11
0.28
0.11
0.11
0.10
0.10
0.28
0.23
0.10
0.10
0.11
0.11
0.62
0.10
0.23
0.10
0.11
0.11
1.05
0.17
0.10
0.28
0.10
0.28
0.10
0.27
1.38
0.10
0.10
0.11
0.10
0.10